1.000000000000000000e+00 2.000000000000000000e+00 0.000000000000000000e+00
2.000000000000000000e+00 3.130799999999999805e+00 2.998340281629895132e-03
3.000000000000000000e+00 4.224000000000000199e+00 1.147934183169438578e-02
4.000000000000000000e+00 5.043199999999999683e+00 1.467936420058219352e-02
5.000000000000000000e+00 5.369600000000000151e+00 4.122759809210874149e-02
6.000000000000000000e+00 5.068800000000000416e+00 5.499533071088854447e-02
7.000000000000000000e+00 4.735999999999999766e+00 6.676890294141427096e-02
8.000000000000000000e+00 4.710399999999999920e+00 1.640287801305341520e-01
9.000000000000000000e+00 3.020799999999999930e+00 9.341564370537139284e-02
1.000000000000000000e+01 3.686399999999999899e+00 1.767038853877047622e-01
