5.000000000000000000e-01 5.063999999999999613e-01 1.009889983006945517e-03
1.000000000000000000e+00 4.226399999999999935e+00 9.543127835719729737e-03
1.500000000000000000e+00 1.428300000000000125e+01 4.850457298028721526e-02
2.000000000000000000e+00 3.320960000000000178e+01 1.135438484071727844e-01
2.500000000000000000e+00 6.527500000000000568e+01 2.941194485238956546e-01
3.000000000000000000e+00 1.127951999999999941e+02 3.621363809395563016e-01
3.500000000000000000e+00 1.777426000000000101e+02 3.588045237699470924e-01
4.000000000000000000e+00 2.679807999999999879e+02 7.770863964550870362e-01
4.500000000000000000e+00 3.801734999999999900e+02 6.810462466675866189e-01
5.000000000000000000e+00 5.278000000000000682e+02 1.351805377181856560e+00
